i37=[1157 3690 7585 10663 15934 20765 24555 28851 32088];
i43=[1800 4300 8206 11297 16525 21400 25180 29436 32736];
i45=[1000 3681 7588 10675 15909 20780 24558 28824 32133];
i49=[1156 3676 7579 10670 15969 20769 24552 28835 32233];
i51=[1188 3705 7325 10400 15100 20000 24250 28900 31700];
i67=[1941 4458 8362 11454 16686 21560 25360 29671 32889];
i68=[1855 4364 8284 11364 16600 21466 25259 29563 32840];
i69=[1090 3773 7679 10768 16017 20879 24736 28917 32213];
i72=[900 3531 7439 10535 15766 20728 24415 28690 31999];
i75=[1287 3800 7711 10799 16072 20908 24675 28990 32396];
i76=[1573 4026 7947 11043 16072 21131 24902 29175 32539];
i82=[664 3608 7525 10647 15836 20693 24500 28758 32049];
i84=[1299 3726 7645 10729 16092 20841 24640 28909 32220];
i85=[1182 3631 7543 10639 15872 20740 24580 28773 32085];
i87=[1214 3698 7606 10709 15949 20796 24603 28838 32134];
i89=[400 3711 7644 10726 16015 20813 24661 28887 32241];
i91=[900 4008 7945 11003 16227 21093 24899 29161 32488];
i93=[800 3823 7619 10712 15975 20804 24593 28847 32181];
i94=[1248 3689 7594 10690 15939 20799 24571 28851 32192];
i99=[1172 3671 7584 10686 15906 20779 24553 28963 32210];
